  ###################################################################################################
  # Eta photoproduction Single Energy Solution 3 - Imaginary Part
  # Reaction: gamma p --> eta p
  # Publication: Unpublished
  # Database: data.pwatuzla.com
  ###################################################################################################     
       W           E0+            E0-            M0+            M0-            E1+            E1-            M1+            M1-            E2+            E2-            M2+            M2-            E3+            E3-            M3+            M3-            E4+            E4-            M4+             M4-           E5+            E5-            M5+            M5-            ErrE0+         ErrE0-         ErrM0+         ErrM0-         ErrE1+          ErrE1-        ErrM1+          ErrM1-        ErrE2+         ErrE2-         ErrM2+         ErrM2-         ErrE3+          ErrE3-        ErrM3+         ErrM3-         ErrE4+         ErrE4-         ErrM4+         ErrM4-         ErrE5+         ErrE5-         ErrM5+         ErrM5- 
    1498.522    18.13910190     0.00000000    -0.00000000     0.00000000     0.12151767    -0.00000000     0.35277333     0.66352301    -0.00008025     0.24314220    -0.03370391     0.16988939     0.00535262     0.00737050     0.01051978     0.00182558     0.00141090     0.00200770     0.00266315    -0.00030591    -0.00005238    -0.00003672    -0.00004307     0.00003514     0.05951008     0.00000000    -0.00000000     0.00000000     0.02882051     0.00000000     0.04454594     0.08235288     0.01713666     0.04543698     0.02256867     0.03212863     0.00884513     0.01338965     0.01043257     0.01186438     0.00269014     0.00285888     0.00276704     0.00280854     0.00053199     0.00053381     0.00053280     0.00053323
    1500.961    18.26111612     0.00000000     0.00000000     0.00000000     0.09393681     0.00000000     0.30487009     0.56559261     0.00291987     0.22616459    -0.02533619     0.15989038     0.00568310     0.00759757     0.00981757     0.00032176     0.00131785     0.00192532     0.00245940    -0.00046624    -0.00001364    -0.00001751    -0.00001436     0.00000723     0.05906168     0.00000000     0.00000000     0.00000000     0.02815065     0.00000000     0.04322131     0.08061198     0.01675788     0.04620250     0.02201881     0.03172577     0.00929915     0.01515138     0.01111204     0.01301672     0.00330887     0.00366044     0.00346039     0.00355299     0.00073657     0.00074193     0.00073891     0.00074019
    1513.908    15.39176524     0.00000000     0.00000000     0.00000000     0.19180829     0.00000000     0.46642740     0.71599310    -0.00226813     0.25197647    -0.03030339     0.21751158     0.01253587     0.01448438     0.01067579    -0.01181614    -0.00460900     0.00683516     0.00781437     0.00463020    -0.00040269    -0.00017141    -0.00018043     0.00028543     0.06495590     0.00000000     0.00000000     0.00000000     0.02806063     0.00000000     0.03883980     0.07773226     0.01650704     0.04781710     0.02056058     0.03105530     0.01054881     0.02030591     0.01247643     0.01607281     0.00578175     0.00783895     0.00632010     0.00715782     0.00213346     0.00226849     0.00217505     0.00222810
    1529.263    11.44668652     0.00000000     0.00000000     0.00000000     0.31883865     0.00000000     0.73915274     0.79585617    -0.00880895     0.20306573    -0.02596924     0.16031020     0.00574335     0.01786887    -0.00118396    -0.01736756     0.00387332     0.00826871     0.00934609     0.00151646    -0.00073411    -0.00009007     0.00071436    -0.00054071     0.06757219     0.00000000     0.00000000     0.00000000     0.02769798     0.00000000     0.03816757     0.07403064     0.01585056     0.04532389     0.01928663     0.02929790     0.01046600     0.02100971     0.01219790     0.01618943     0.00697594     0.01091491     0.00782189     0.00938905     0.00382197     0.00459168     0.00400372     0.00435193
    1541.850     8.41097101     0.00000000     0.00000000     0.00000000     0.36510671     0.00000000     0.79771225     0.59734847    -0.00971214     0.08538439    -0.02994262     0.03508842     0.01561946     0.02297023     0.00453793    -0.00178744    -0.00272348     0.00357490    -0.00704266    -0.00169646     0.00241199    -0.00361242    -0.00016891    -0.00375070     0.07150720     0.00000000     0.00000000     0.00000000     0.02871199     0.00000000     0.03694611     0.07394837     0.01649697     0.04613312     0.01934065     0.02975314     0.01091053     0.02165809     0.01228266     0.01669199     0.00760772     0.01251192     0.00847313     0.01046826     0.00488494     0.00640279     0.00516392     0.00587981
    1554.275     5.71815714     0.00000000     0.00000000     0.00000000     0.37358690     0.00000000     0.75026579     0.49928709    -0.00858589    -0.00102522    -0.01909838    -0.11213802     0.00180846     0.03383467    -0.00047087     0.03541029    -0.00426376     0.01214116    -0.00606668     0.00600674     0.00435444    -0.01225082    -0.00727532    -0.00135676     0.07532131     0.00000000     0.00000000     0.00000000     0.03003989     0.00000000     0.03435309     0.07519292     0.01727100     0.04665269     0.01933675     0.03050061     0.01137689     0.02198278     0.01222333     0.01716390     0.00796556     0.01330956     0.00863288     0.01103755     0.00553336     0.00770621     0.00579378     0.00685026
    1566.482     3.44596889     0.00000000     0.00000000     0.00000000     0.45576086     0.00000000     0.90420440     0.51280419    -0.00931271    -0.10142594    -0.01611359    -0.17939548    -0.00670805     0.07550261    -0.00163947     0.05351756    -0.00419982     0.02131889    -0.00638532     0.01232959     0.00892744    -0.01147219    -0.00636091    -0.00147762     0.07878268     0.00000000     0.00000000     0.00000000     0.03194395     0.00000000     0.03533382     0.07721977     0.01812484     0.04699182     0.01986180     0.03132800     0.01187981     0.02236303     0.01263032     0.01764971     0.00823161     0.01376683     0.00881562     0.01131728     0.00593208     0.00854246     0.00622183     0.00734849
    1578.535     1.51761666     0.00000000     0.00000000     0.00000000     0.50547624     0.00000000     1.13435597     0.51624206    -0.01775009    -0.20048599    -0.00723861    -0.23320973     0.00298590     0.11038784    -0.00233884     0.06361414    -0.00101019     0.03510755    -0.00602059     0.00969048     0.00773866    -0.00452769    -0.00088025    -0.00220447     0.07753446     0.00000000     0.00000000     0.00000000     0.03110917     0.00000000     0.03427622     0.07521739     0.01769357     0.04614008     0.01935997     0.03060920     0.01141432     0.02184977     0.01217681     0.01705541     0.00793206     0.01358502     0.00849427     0.01101087     0.00581512     0.00873997     0.00613579     0.00728027
    1590.378    -0.13179133     0.00000000     0.00000000     0.00000000     0.50202343     0.00000000     1.26241749     0.45140662    -0.02530451    -0.30379747    -0.00842843    -0.27979235     0.01533317     0.13124909    -0.00114122     0.08032163    -0.00101095     0.04141485    -0.01208484     0.00942847     0.00629447     0.00356140     0.00331475    -0.00328700     0.07695960     0.00000000     0.00000000     0.00000000     0.03131221     0.00000000     0.03480519     0.07449083     0.01790856     0.04533918     0.01941886     0.03041658     0.01146075     0.02139327     0.01213294     0.01691034     0.00794863     0.01325987     0.00838104     0.01100342     0.00577187     0.00875346     0.00601918     0.00714908
    1602.017    -1.45414435     0.00000000     0.00000000     0.00000000     0.49482684     0.00000000     1.27203457     0.34027869    -0.03902834    -0.39007873    -0.01667240    -0.31358136     0.01384799     0.14723448     0.00490376     0.11644613    -0.00485251     0.04447696    -0.01639437     0.01568125     0.00416747     0.00329176     0.00159956     0.00275648     0.07288757     0.00000000     0.00000000     0.00000000     0.02951709     0.00000000     0.03277328     0.07109666     0.01696437     0.04360381     0.01809800     0.02893390     0.01081891     0.02040545     0.01121246     0.01601354     0.00758363     0.01256930     0.00781276     0.01060473     0.00541548     0.00843328     0.00558380     0.00674991
    1613.572    -2.25185651     0.00000000     0.00000000     0.00000000     0.48433157     0.00000000     1.22612249     0.21789748    -0.04839715    -0.42258350    -0.02866196    -0.35078244     0.00411742     0.15475637     0.00256191     0.15510475    -0.00697601     0.05103773    -0.01259741     0.01526870     0.00420726     0.00002377    -0.00175752     0.00815958     0.07190293     0.00000000     0.00000000     0.00000000     0.02987688     0.00000000     0.03436621     0.07116683     0.01698713     0.04295402     0.01863902     0.02862213     0.01101864     0.02041355     0.01169501     0.01613120     0.00759286     0.01256059     0.00792327     0.01051960     0.00548085     0.00857784     0.00571814     0.00676104
    1624.871    -2.57522344     0.00000000     0.00000000     0.00000000     0.50756093     0.00000000     1.23378689     0.04636939    -0.04532739    -0.43553901    -0.03452491    -0.37885072     0.00294979     0.16934587    -0.00615928     0.17144792    -0.00714733     0.05402916    -0.01055462     0.01089013     0.00793159     0.00124365    -0.00186342     0.00667605     0.06854329     0.00000000     0.00000000     0.00000000     0.02822759     0.00000000     0.03293524     0.06821858     0.01620110     0.04170492     0.01802490     0.02755819     0.01040026     0.01973929     0.01114989     0.01531525     0.00724906     0.01223726     0.00752934     0.00997929     0.00508892     0.00822505     0.00531773     0.00621456
    1635.978    -2.57525986     0.00000000     0.00000000     0.00000000     0.51580206     0.00000000     1.28901808    -0.15835181    -0.04738423    -0.46358230    -0.04415435    -0.36313041     0.00680689     0.19900853    -0.01344105     0.17061461    -0.00987032     0.05075205    -0.01401821     0.01254142     0.00855608     0.00579497    -0.00273137     0.01022961     0.06538170     0.00000000     0.00000000     0.00000000     0.02674601     0.00000000     0.03153458     0.06509653     0.01530999     0.04022815     0.01735661     0.02624710     0.00978382     0.01900984     0.01072529     0.01444841     0.00690666     0.01192675     0.00721191     0.00942593     0.00473664     0.00785596     0.00499212     0.00559798
    1646.896    -2.32357846     0.00000000     0.00000000     0.00000000     0.49500545     0.00000000     1.32181295    -0.33242406    -0.04191191    -0.48212871    -0.04104911    -0.33132170     0.00470165     0.22959121    -0.02608093     0.16135241    -0.00781994     0.04462092    -0.01799576     0.01235285     0.00642434     0.00713419    -0.00465980     0.01073548     0.06190257     0.00000000     0.00000000     0.00000000     0.02570226     0.00000000     0.03187518     0.06227807     0.01480390     0.03895292     0.01724178     0.02508625     0.00953778     0.01853246     0.01065547     0.01386273     0.00671928     0.01158527     0.00709617     0.00899573     0.00460563     0.00771986     0.00486944     0.00535313
    1657.629    -1.94640823     0.00000000     0.00000000     0.00000000     0.48818502     0.00000000     1.34120939    -0.48990339    -0.02619193    -0.48751340    -0.02860208    -0.30544233     0.00391599     0.25633278    -0.03547871     0.14915110    -0.00325846     0.03936256    -0.02079083     0.01060804     0.00924924     0.00764824     0.00037610     0.00270005     0.05716233     0.00000000     0.00000000     0.00000000     0.02359003     0.00000000     0.02969864     0.05779354     0.01371933     0.03690705     0.01610212     0.02331995     0.00900115     0.01748031     0.00992669     0.01292947     0.00644453     0.01093610     0.00663914     0.00839691     0.00431911     0.00729960     0.00457893     0.00491973
    1671.271    -1.48879801     0.00000000     0.00000000     0.00000000     0.46642274     0.00000000     1.31404962    -0.55258051    -0.01196751    -0.48514411     0.00387598    -0.27086971    -0.00435126     0.24831069    -0.04312494     0.14649719     0.00072372     0.03697714    -0.02945579     0.01297359     0.00668744    -0.00205569    -0.00444752     0.01206917     0.05810139     0.00000000     0.00000000     0.00000000     0.02447512     0.00000000     0.03093436     0.05781536     0.01433844     0.03621194     0.01649345     0.02377920     0.00937324     0.01717662     0.01053281     0.01326933     0.00675283     0.01071548     0.00684538     0.00855351     0.00433401     0.00714359     0.00439434     0.00449864
    1691.639    -0.99564847     0.00000000     0.00000000     0.00000000     0.44328734     0.00000000     1.37418464    -0.65169332     0.00727062    -0.44745913     0.09658318    -0.26637252    -0.00393517     0.21874487    -0.03937743     0.12524140     0.00298073     0.04952590    -0.03573082     0.01980662     0.01041972    -0.00496688    -0.01040825     0.00826950     0.05207119     0.00000000     0.00000000     0.00000000     0.02172457     0.00000000     0.02919736     0.05317029     0.01270463     0.03444982     0.01541531     0.02157130     0.00843613     0.01627949     0.00966880     0.01224098     0.00615825     0.01015541     0.00640878     0.00785827     0.00400710     0.00687462     0.00440321     0.00442682
    1711.271    -0.87213598     0.00000000     0.00000000     0.00000000     0.39208960     0.00000000     1.42647502    -0.69666221     0.00921195    -0.44686282     0.17593656    -0.29882070    -0.00970249     0.16817253    -0.03328331     0.10495824     0.00214159     0.06188022    -0.03909847     0.03410656     0.00910714    -0.00898537    -0.01787053     0.01155240     0.05197749     0.00000000     0.00000000     0.00000000     0.02233623     0.00000000     0.02957446     0.05327335     0.01307965     0.03392990     0.01539906     0.02166488     0.00875455     0.01638477     0.00974445     0.01260491     0.00627738     0.01013347     0.00642820     0.00811180     0.00418169     0.00709387     0.00458237     0.00492899
    1730.083    -0.91606014     0.00000000     0.00000000     0.00000000     0.31574441     0.00000000     1.37270563    -0.68552462     0.00693478    -0.45933568     0.23104150    -0.37082318    -0.01388363     0.12341311    -0.02579016     0.08738838    -0.00643587     0.07099708    -0.03553531     0.04293856     0.00697798    -0.00831126    -0.01302170     0.01710761     0.05785409     0.00000000     0.00000000     0.00000000     0.02477528     0.00000000     0.03157305     0.06094829     0.01429749     0.03569762     0.01645630     0.02571582     0.00914861     0.01826337     0.01039835     0.01542470     0.00625185     0.01083588     0.00666607     0.00943989     0.00432497     0.00777845     0.00483931     0.00587141
    1748.157    -1.01154343     0.00000000     0.00000000     0.00000000     0.25667004     0.00000000     1.30239424    -0.68819155     0.00095055    -0.49795816     0.25441052    -0.45195119    -0.01223563     0.09903930    -0.01378703     0.08493191    -0.01206862     0.07482412    -0.03396655     0.04501066     0.00537776    -0.00844861    -0.00480852     0.01774462     0.06903851     0.00000000     0.00000000     0.00000000     0.03279674     0.00000000     0.03811949     0.09307701     0.01423047     0.04391734     0.01679973     0.03640256     0.01033351     0.02666580     0.01230615     0.02362247     0.00605391     0.01433085     0.00640546     0.01208331     0.00498154     0.01061185     0.00507969     0.00729244
    1765.408    -1.06851368     0.00000000     0.00000000     0.00000000     0.18181256     0.00000000     1.23197022    -0.66889449     0.00658960    -0.54528747     0.26981007    -0.54267970    -0.01900351     0.06849035    -0.01244111     0.11409215    -0.01159426     0.08877226    -0.02993234     0.03629104    -0.00215793    -0.01132024    -0.00461633     0.02448162     0.06500594     0.00000000     0.00000000     0.00000000     0.02208588     0.00000000     0.02951753     0.06633731     0.01378297     0.04005750     0.01773857     0.03623868     0.01032675     0.02049830     0.01417212     0.01774487     0.00647602     0.01247613     0.00844585     0.01114488     0.00661625     0.00876066     0.00633244     0.00511474
    1781.861    -1.06729083     0.00000000     0.00000000     0.00000000     0.11408112     0.00000000     1.19088109    -0.68605526     0.02025132    -0.59694585     0.28569224    -0.62052958    -0.02500291     0.04569899    -0.00548434     0.14098837    -0.00671564     0.10397854    -0.03244303     0.03309352    -0.01048710    -0.00755363    -0.00723115     0.02489658     0.06439982     0.00000000     0.00000000     0.00000000     0.02711378     0.00000000     0.03596835     0.06749801     0.01700345     0.05019363     0.01734602     0.02523515     0.01098985     0.03402847     0.01134665     0.01257561     0.00735306     0.01949433     0.00659301     0.00708913     0.00559224     0.01294296     0.00471865     0.00598450
    1801.447    -1.02398157     0.00000000     0.00000000     0.00000000     0.10108579     0.00000000     1.21020796    -0.83173573     0.03445758    -0.67716519     0.28482799    -0.71034849    -0.00369082     0.05356497     0.02561685     0.15821089    -0.00395388     0.11434399    -0.04480158     0.03913443    -0.00484548     0.01026065    -0.00045912     0.00665745     0.17757981     0.00000000     0.00000000     0.00000000     0.06841393     0.00000000     0.05794385     0.18963266     0.03302179     0.08073494     0.02435536     0.07986062     0.01370017     0.04131939     0.01268752     0.03621778     0.00770018     0.02020475     0.00666706     0.01527965     0.00489833     0.01063704     0.00501563     0.00736099
    1829.818    -1.06087066     0.00000000     0.00000000     0.00000000     0.16851554     0.00000000     1.17476868    -1.12992733     0.01189748    -0.72269156     0.27384208    -0.68828690     0.03626867     0.03852197     0.03986599     0.13139283    -0.00919733     0.13553179    -0.05208862     0.08250813    -0.00029002     0.01400080    -0.01149910    -0.01511455     0.07087866     0.00000000     0.00000000     0.00000000     0.02626961     0.00000000     0.03233181     0.08855621     0.01326410     0.06254333     0.01549671     0.03543302     0.00899877     0.03707010     0.01028848     0.01810026     0.00646055     0.01940236     0.00633159     0.00995289     0.00527657     0.00986311     0.00438269     0.00708375
    1840.059    -1.00370888     0.00000000    -0.00000000     0.00000000     0.16425397    -0.00000000     1.16779863    -0.99776709     0.01456770    -0.63378151     0.27241239    -0.72658480     0.04295906    -0.00520507     0.05020198     0.13830409    -0.01374688     0.15738855    -0.06231638     0.08208466     0.00134370     0.00571940    -0.00260777    -0.02284501     0.07087982     0.00000000    -0.00000000     0.00000000     0.02626962     0.00000000     0.03233183     0.08855875     0.01326410     0.06254353     0.01549671     0.03543305     0.00899877     0.03707011     0.01028848     0.01810026     0.00646055     0.01940236     0.00633159     0.00995289     0.00527657     0.00986311     0.00438269     0.00708375
