   W        ReE0+      ImE0+      ReE0-      ImE0-      ReM0+      ImM0+      ReM0-      ImM0-      ReE1+      ImE1+      ReE1-      ImE1-      ReM1+      ImM1+      ReM1-      ImM1-      ReE2+      ImE2+      ReE2-      ImE2-      ReM2+      ImM2+      ReM2-      ImM2-      ReE3+      ImE3+      ReE3-      ImE3-      ReM3+      ImM3+       ReM3-      ImM3-     ReE4+      ImE4+      ReE4-      ImE4-      ReM4+      ImM4+      ReM4-      ImM4-                                    
1490.0  -12.20424  -17.04137    0.00000    0.00000    0.00000    0.00000    0.00000    0.00000   -0.09094   -0.03358    0.00000    0.00000   -0.31591    0.01074   -0.83498   -0.00805    0.00329    0.00000   -0.02237   -0.05370    0.00878    0.00052   -0.01550   -0.02790    0.00000    0.00000   -0.00000   -0.00000    0.00000   -0.00000    0.00000   -0.00000    0.00000    0.00000   -0.00000   -0.00000    0.00000    0.00000    0.00000   -0.00000
1510.0   -3.24797  -19.82307    0.00000    0.00000    0.00000    0.00000    0.00000    0.00000   -0.23686   -0.09744    0.00000    0.00000   -0.79665    0.01477   -2.17914   -0.29093    0.02320    0.00255   -0.02102   -0.43015    0.06758    0.00591   -0.04199   -0.23522    0.00090    0.00000   -0.00361   -0.00656    0.00000   -0.00000    0.00116   -0.00255    0.00000    0.00000   -0.00000   -0.00000    0.00000    0.00000    0.00000   -0.00000
1530.0    3.29316  -17.91119    0.00000    0.00000    0.00000    0.00000    0.00000    0.00000   -0.30666   -0.14237    0.00000    0.00000   -0.99742   -0.00336   -2.72980   -0.73641    0.03964    0.00648    0.19420   -0.66815    0.12266    0.01554    0.05273   -0.38548    0.00213    0.00000   -0.00944   -0.01859    0.00039   -0.00000    0.00294   -0.00746    0.00000    0.00000   -0.00000   -0.00000    0.00000    0.00000    0.00000   -0.00000
1550.0    7.22809  -14.28988    0.00000    0.00000    0.00000    0.00000    0.00000    0.00000   -0.35941   -0.19251    0.00000    0.00000   -1.12958   -0.03748   -2.97128   -1.27691    0.05259    0.01249    0.42779   -0.70437    0.17361    0.03084    0.17411   -0.43129    0.00354   -0.00000   -0.01716   -0.03656    0.00106   -0.00000    0.00422   -0.01495    0.00000    0.00000   -0.00000   -0.00000    0.00000    0.00000    0.00014   -0.00000
1570.0    9.01112  -10.47777    0.00000    0.00000    0.00000    0.00000    0.00000    0.00000   -0.40474   -0.25579    0.00000    0.00000   -1.23086   -0.08956   -2.93885   -1.87205    0.06180    0.02152    0.57897   -0.63723    0.21919    0.05400    0.26334   -0.41526    0.00501   -0.00000   -0.02563   -0.06109    0.00194   -0.00000    0.00502   -0.02605    0.00000    0.00000   -0.00016   -0.00000    0.00000    0.00000    0.00025   -0.00000
1590.0    9.35521   -7.11502    0.00000    0.00000    0.00000    0.00000    0.00000    0.00000   -0.44437   -0.33969    0.00000    0.00000   -1.31436   -0.16393   -2.60282   -2.42002    0.06586    0.03414    0.65200   -0.54913    0.25744    0.08738    0.31854   -0.37836    0.00655   -0.00012   -0.03376   -0.09379    0.00302    0.00000    0.00544   -0.04215    0.00000    0.00000   -0.00030   -0.00000    0.00000    0.00000    0.00047   -0.00000
1610.0    8.73282   -4.37426    0.00000    0.00000    0.00000    0.00000    0.00000    0.00000   -0.47182   -0.45308    0.00000    0.00000   -1.37969   -0.26763   -2.00359   -2.73322    0.06197    0.04915    0.67833   -0.47979    0.28325    0.13196    0.35235   -0.33684    0.00794   -0.00022   -0.03808   -0.13699    0.00427    0.00014    0.00712   -0.06624    0.00000    0.00000   -0.00043   -0.00000    0.00000    0.00000    0.00066   -0.00000
1630.0    7.05209   -2.60672    0.00000    0.00000    0.00000    0.00000    0.00000    0.00000   -0.44842   -0.59897    0.00000    0.00000   -1.42944   -0.39331   -1.37841   -2.67001    0.04762    0.06182    0.69649   -0.44732    0.28925    0.18461    0.37362   -0.29116    0.00922   -0.00052   -0.03099   -0.19245    0.00582    0.00041    0.01556   -0.10078    0.00000    0.00000   -0.00068   -0.00000    0.00000    0.00000    0.00084   -0.00000
1650.0    5.39046   -1.85955    0.00000    0.00000    0.00000    0.00000    0.00000    0.00000   -0.34351   -0.75567    0.00000    0.00000   -1.43982   -0.54025   -0.99225   -2.35141    0.02531    0.06302    0.76166   -0.42575    0.27101    0.23558    0.37546   -0.23960    0.01040   -0.00090    0.00018   -0.25402    0.00762    0.00090    0.04223   -0.14308    0.00000    0.00000   -0.00090   -0.00000    0.00000    0.00000    0.00110   -0.00000
1670.0    4.34588   -2.01013    0.00000    0.00000    0.00000    0.00000    0.00000    0.00000   -0.15807   -0.87610    0.00000    0.00000   -1.38435   -0.68581   -0.87712   -2.01862    0.00681    0.04790    0.84741   -0.33805    0.23509    0.27290    0.35534   -0.20183    0.01151   -0.00144    0.06092   -0.29845    0.00953    0.00161    0.09481   -0.17502    0.00000    0.00000   -0.00124   -0.00000    0.00000    0.00000    0.00125   -0.00010
1690.0    4.07279   -2.23904    0.00000    0.00000    0.00000    0.00000    0.00000    0.00000    0.07306   -0.91394    0.00000    0.00000   -1.27333   -0.79018   -0.92343   -1.80109    0.00345    0.02333    0.87999   -0.21606    0.19477    0.29426    0.33585   -0.18366    0.01245   -0.00221    0.12710   -0.30672    0.01167    0.00262    0.15594   -0.17665    0.00000    0.00000   -0.00155   -0.00000    0.00000    0.00000    0.00148   -0.00009
1710.0    4.11490   -2.17780    0.00000    0.00000    0.00000    0.00000    0.00000    0.00000    0.30780   -0.78477    0.00000    0.00000   -1.09494   -0.74908   -1.02408   -1.71609    0.01619    0.00138    0.87759   -0.10966    0.15747    0.30618    0.32469   -0.17095    0.01334   -0.00320    0.17225   -0.29352    0.01378    0.00390    0.20078   -0.15589    0.00000    0.00000   -0.00195   -0.00011    0.00000    0.00000    0.00169   -0.00018
1730.0    4.17503   -1.90147    0.00000    0.00000    0.00000    0.00000    0.00000    0.00000    0.44408   -0.60069    0.00000    0.00000   -0.98281   -0.66535   -1.11327   -1.73513    0.03906   -0.01043    0.86458   -0.02202    0.12365    0.31337    0.31902   -0.15755    0.01418   -0.00447    0.19788   -0.28073    0.01598    0.00566    0.22625   -0.13204    0.00000    0.00000   -0.00244   -0.00022    0.00000    0.00000    0.00180   -0.00034
1750.0    4.17229   -1.52756    0.00000    0.00000    0.00000    0.00000    0.00000    0.00000    0.51293   -0.41414    0.00000    0.00000   -0.92527   -0.62703   -1.15797   -1.82028    0.06437   -0.01042    0.85025    0.05317    0.09195    0.31703    0.31688   -0.14119    0.01507   -0.00599    0.21520   -0.27417    0.01816    0.00784    0.24051   -0.11262    0.00000    0.00000   -0.00301   -0.00032    0.00000    0.00000    0.00200   -0.00050
1770.0    4.10126   -1.12243    0.00000    0.00000    0.00000    0.00000    0.00000    0.00000    0.54275   -0.26275    0.00000    0.00000   -0.87138   -0.62391   -1.14669   -1.93583    0.08612    0.00010    0.83614    0.12080    0.06340    0.31598    0.31716   -0.12135    0.01599   -0.00783    0.23031   -0.27071    0.02023    0.01053    0.24960   -0.09748    0.00000    0.00000   -0.00365   -0.00052    0.00000    0.00000    0.00210   -0.00081
1790.0    3.97011   -0.71963    0.00000    0.00000    0.00000    0.00000    0.00000    0.00000    0.54814   -0.13324    0.00000    0.00000   -0.80127   -0.63997   -1.08018   -2.05367    0.10029    0.01824    0.82236    0.18413    0.03954    0.31032    0.31834   -0.09800    0.01711   -0.00981    0.24556   -0.26576    0.02208    0.01337    0.25651   -0.08449    0.00000    0.00000   -0.00425   -0.00091    0.00000    0.00000    0.00228   -0.00126
1810.0    3.78669   -0.33705    0.00000    0.00000    0.00000    0.00000    0.00000    0.00000    0.53179   -0.01868    0.00000    0.00000   -0.70644   -0.65912   -0.96695   -2.15313    0.10507    0.04041    0.80736    0.24578    0.02161    0.30095    0.31921   -0.07067    0.01840   -0.01161    0.25997   -0.25551    0.02375    0.01616    0.26258   -0.07136    0.00000    0.00000   -0.00503   -0.00138    0.00000    0.00000    0.00237   -0.00191
1830.0    3.55747    0.01294    0.00000    0.00000    0.00000    0.00000    0.00000    0.00000    0.49358    0.07998    0.00000    0.00000   -0.58586   -0.66394   -0.82034   -2.22042    0.10053    0.06318    0.79024    0.30716    0.01059    0.28909    0.31856   -0.03951    0.01993   -0.01287    0.27157   -0.23776    0.02516    0.01824    0.26827   -0.05646    0.00000    0.00000   -0.00576   -0.00202    0.00000    0.00000    0.00260   -0.00283
1850.0    3.28959    0.32017    0.00000    0.00000    0.00000    0.00000    0.00000    0.00000    0.43658    0.15744    0.00000    0.00000   -0.44907   -0.63897   -0.65503   -2.24811    0.08755    0.08399    0.76856    0.36880    0.00609    0.27675    0.31436   -0.00450    0.02147   -0.01284    0.27794   -0.21173    0.02669    0.01873    0.27369   -0.03876    0.00000    0.00000   -0.00655   -0.00290    0.00000    0.00000    0.00283   -0.00384
1870.0    2.99191    0.57582    0.00000    0.00000    0.00000    0.00000    0.00000    0.00000    0.36903    0.20862    0.00000    0.00000   -0.31321   -0.57671   -0.48582   -2.23542    0.06773    0.10063    0.74081    0.43074    0.00724    0.26562    0.30517    0.03374    0.02237   -0.01076    0.27700   -0.17902    0.02916    0.01673    0.27886   -0.01737    0.00000    0.00000   -0.00731   -0.00393    0.00000    0.00000    0.00319   -0.00510
1890.0    2.67617    0.77387    0.00000    0.00000    0.00000    0.00000    0.00000    0.00000    0.30220    0.23325    0.00000    0.00000   -0.19576   -0.48099   -0.32569   -2.18622    0.04277    0.11162    0.70475    0.49193    0.01288    0.25699    0.28869    0.07400    0.02144   -0.00616    0.26760   -0.14169    0.03447    0.01134    0.28378    0.00813    0.00000    0.00000   -0.00804   -0.00518    0.00000    0.00000    0.00374   -0.00657
1910.0    2.35586    0.91240    0.00000    0.00000    0.00000    0.00000    0.00000    0.00000    0.24536    0.23721    0.00000    0.00000   -0.10758   -0.36445   -0.18436   -2.10755    0.01476    0.11578    0.65917    0.54988    0.02161    0.25190    0.26326    0.11397    0.01677    0.00054    0.25005   -0.10224    0.04514    0.00349    0.28831    0.03824    0.00000    0.00000   -0.00873   -0.00672    0.00000    0.00000    0.00446   -0.00825
1930.0    2.04433    0.99349    0.00000    0.00000    0.00000    0.00000    0.00000    0.00000    0.20252    0.22898    0.00000    0.00000   -0.04960   -0.24047   -0.06739   -2.00896   -0.01410    0.11227    0.60380    0.60129    0.03190    0.25121    0.22813    0.15068    0.00702    0.00748    0.22535   -0.06295    0.06314   -0.00410    0.29230    0.07314    0.00000    0.00000   -0.00931   -0.00846    0.00000    0.00000    0.00543   -0.01006
1950.0    1.75328    1.02389    0.00000    0.00000    0.00000    0.00000    0.00000    0.00000    0.17323    0.21618    0.00000    0.00000   -0.01619   -0.11846    0.02316   -1.89960   -0.04183    0.10082    0.54002    0.64249    0.04212    0.25510    0.18376    0.18009   -0.00752    0.01225    0.19535   -0.02508    0.08827   -0.00803    0.29526    0.11295    0.00000    0.00000   -0.00971   -0.01046    0.00000    0.00000    0.00668   -0.01199
1970.0    1.49085    1.01271    0.00000    0.00000    0.00000    0.00000    0.00000    0.00000    0.15408    0.20394    0.00000    0.00000   -0.00020   -0.00261    0.08996   -1.78805   -0.06600    0.08149    0.47111    0.67052    0.05090    0.26376    0.13252    0.19907   -0.02559    0.01302    0.16116    0.01067    0.11838   -0.00549    0.29669    0.15798    0.00000    0.00000   -0.00992   -0.01271    0.00000    0.00000    0.00832   -0.01403
1990.0    1.26186    0.97066    0.00000    0.00000    0.00000    0.00000    0.00000    0.00000    0.14164    0.19461    0.00000    0.00000    0.00315    0.10730    0.13644   -1.68064   -0.08456    0.05490    0.40165    0.68458    0.05650    0.27634    0.07844    0.20518   -0.04564    0.00909    0.12379    0.04422    0.15152    0.00482    0.29572    0.20818    0.00000    0.00000   -0.00981   -0.01511    0.00000    0.00000    0.01040   -0.01613
